1 0.0912577 0.800931 0.181832 0.31535
1 0.449755 0.680305 0.208991 0.269775
3 0.777978 0.600924 0.320271 0.195686
3 0.160133 0.927542 0.303474 0.144916
3 0.206139 0.406268 0.210562 0.129166
2 0.407756 0.370953 0.0951155 0.0931062
3 0.493929 0.299808 0.183821 0.088089
1 0.814114 0.311452 0.202349 0.152628
2 0.515169 0.481204 0.144163 0.119815
0 0.933513 0.860529 0.132973 0.244651
0 0.265813 0.278983 0.151126 0.0771747
1 0.787482 0.886289 0.27676 0.227423
2 0.664435 0.294917 0.116999 0.0818028
3 0.0208399 0.589709 0.0415562 0.154537
4 0.0207015 0.588764 0.0414031 0.153643
