1 0.0941919 0.799178 0.187742 0.309992
1 0.454978 0.681541 0.209856 0.272764
3 0.164749 0.92821 0.302042 0.143581
3 0.78112 0.599972 0.319384 0.195208
3 0.211111 0.405367 0.209687 0.129979
3 0.498856 0.300598 0.185736 0.0893436
2 0.414615 0.371217 0.0985002 0.093927
2 0.52063 0.481608 0.144048 0.120071
0 0.937071 0.860865 0.125428 0.241806
2 0.668671 0.294974 0.11364 0.0820603
0 0.270084 0.281234 0.148721 0.0752771
3 0.0240913 0.589538 0.0480975 0.155793
1 0.819005 0.309645 0.202048 0.151555
1 0.793953 0.88532 0.279443 0.229359
