4 0.706335 0.826774 0.217231 0.197855
0 0.49362 0.642587 0.109899 0.0864512
4 0.390446 0.572122 0.104969 0.0959045
3 0.819745 0.646485 0.14723 0.110255
0 0.853936 0.769876 0.19967 0.138113
4 0.321485 0.671849 0.0697859 0.0730521
4 0.127911 0.736274 0.255822 0.123225
5 0.958781 0.677349 0.0822769 0.103163
4 0.254621 0.61619 0.133819 0.0798802
3 0.72783 0.575218 0.0984272 0.0658479
3 0.59878 0.542831 0.106516 0.0679944
1 0.900049 0.603187 0.123282 0.0757509
4 0.484841 0.560217 0.057604 0.0623375
4 0.499097 0.559426 0.0816292 0.0708709
2 0.440693 0.628705 0.0563431 0.0817725
3 0.440954 0.629363 0.0560323 0.0807371
3 0.566196 0.547283 0.170874 0.0759839
2 0.900184 0.603287 0.121359 0.0746899
