4 0.709037 0.822501 0.213105 0.198111
3 0.82106 0.647683 0.145394 0.108336
4 0.394717 0.5749 0.108168 0.094455
0 0.497484 0.642048 0.107928 0.0833212
0 0.853223 0.768611 0.199607 0.136799
3 0.730545 0.577348 0.0984962 0.0667228
4 0.488533 0.564793 0.0584915 0.0628993
4 0.186998 0.723922 0.151383 0.109864
3 0.262129 0.616521 0.136339 0.0777941
5 0.959015 0.677427 0.0819692 0.104298
2 0.445781 0.628445 0.0535935 0.0744038
1 0.900662 0.60605 0.122093 0.0746847
3 0.603938 0.544461 0.108725 0.0683454
0 0.0757182 0.741517 0.133361 0.112483
3 0.576414 0.547034 0.16112 0.0755885
4 0.0251316 0.9238 0.0502632 0.1524
3 0.0249564 0.925215 0.0498392 0.149569
