0 0.215234 0.260417 0.142969 0.076389
1 0.730859 0.277083 0.186719 0.131944
2 0.596484 0.271528 0.105469 0.076389
3 0.412109 0.310417 0.224219 0.131944
0 0.937109 0.665972 0.124219 0.176389
1 0.405859 0.578472 0.174219 0.240278
2 0.837109 0.693750 0.161719 0.187500
3 0.171484 0.377083 0.192969 0.131944
1 0.090234 0.671528 0.180469 0.231944
3 0.458984 0.432639 0.130469 0.109722
1 0.683984 0.721528 0.205469 0.198611
3 0.683984 0.521528 0.280469 0.154167
3 0.165234 0.849306 0.242969 0.276389
3 0.577734 0.865972 0.255469 0.265278