0 0.743359 0.199306 0.086719 0.065278
1 0.674609 0.204861 0.086719 0.076389
2 0.396484 0.227083 0.080469 0.054167
3 0.433984 0.188194 0.055469 0.043056
4 0.555859 0.293750 0.149219 0.076389
5 0.530859 0.471528 0.074219 0.098611
1 0.393359 0.193750 0.049219 0.054167
2 0.087109 0.415972 0.174219 0.143056
3 0.396484 0.271528 0.067969 0.054167
4 0.321484 0.382639 0.167969 0.098611
1 0.262109 0.204861 0.061719 0.054167
3 0.321484 0.310417 0.080469 0.065278
4 0.893359 0.427083 0.161719 0.143056
3 0.543359 0.354861 0.111719 0.087500
1 0.190234 0.488194 0.267969 0.243056
1 0.940234 0.488194 0.117969 0.154167
1 0.371484 0.493750 0.067969 0.098611