3 0.520431 0.648698 0.182423 0.20669
1 0.376956 0.468065 0.142283 0.179129
1 0.11667 0.537704 0.17732 0.158816
3 0.215778 0.636769 0.177118 0.169611
3 0.603932 0.425136 0.224076 0.127517
1 0.605389 0.548221 0.153996 0.127416
0 0.795765 0.509939 0.120014 0.12821
3 0.152 0.332655 0.169073 0.103523
2 0.714348 0.532256 0.120344 0.135906
1 0.642451 0.247926 0.161512 0.118652
2 0.315078 0.306051 0.0785195 0.0731194
3 0.915941 0.481524 0.167657 0.132002
3 0.381255 0.252273 0.158278 0.0720315
2 0.411695 0.369639 0.115264 0.0855982
0 0.176429 0.243928 0.133415 0.0659053
2 0.944437 0.555961 0.0795197 0.0890455
