0 0.568359 0.477083 0.086719 0.087500
1 0.462109 0.315972 0.136719 0.098611
2 0.190234 0.365972 0.080469 0.065278
3 0.233984 0.315972 0.130469 0.054167
1 0.262109 0.460417 0.111719 0.120833
2 0.277734 0.399306 0.105469 0.065278
3 0.062109 0.382639 0.124219 0.076389
1 0.427734 0.504861 0.117969 0.098611
2 0.512109 0.488194 0.086719 0.087500
3 0.430859 0.427083 0.161719 0.098611
1 0.068359 0.510417 0.136719 0.109722
2 0.671484 0.499306 0.055469 0.065278
3 0.662109 0.454861 0.124219 0.087500
2 0.818359 0.593750 0.199219 0.143056
3 0.374609 0.554861 0.124219 0.109722
3 0.155859 0.560417 0.124219 0.098611