0 0.443359 0.332639 0.149219 0.109722
1 0.202734 0.521528 0.130469 0.154167
2 0.487109 0.554861 0.099219 0.109722
3 0.199609 0.343750 0.149219 0.065278
0 0.558984 0.532639 0.105469 0.109722
1 0.399609 0.571528 0.136719 0.098611
3 0.855859 0.404861 0.099219 0.076389
3 0.033984 0.404861 0.067969 0.076389
3 0.230859 0.438194 0.111719 0.076389
3 0.402734 0.477083 0.192969 0.109722
3 0.665234 0.527083 0.142969 0.143056
3 0.324609 0.643750 0.149219 0.154167
3 0.068359 0.654861 0.136719 0.131944
3 0.858984 0.704861 0.230469 0.187500