0 0.183984 0.243750 0.130469 0.065278
1 0.640234 0.243750 0.155469 0.109722
2 0.321484 0.304861 0.080469 0.076389
3 0.383984 0.249306 0.155469 0.076389
0 0.790234 0.499306 0.117969 0.131944
1 0.377734 0.460417 0.142969 0.165278
2 0.415234 0.365972 0.117969 0.087500
3 0.155859 0.327083 0.174219 0.098611
1 0.124609 0.527083 0.174219 0.143056
2 0.708984 0.521528 0.117969 0.131944
3 0.602734 0.421528 0.217969 0.131944
1 0.605859 0.538194 0.149219 0.120833
2 0.930859 0.543750 0.086719 0.087500
3 0.911719 0.477083 0.173437 0.131944
3 0.521484 0.627083 0.180469 0.187500
3 0.224609 0.615972 0.174219 0.165278