0 0.233984 0.260417 0.142969 0.076389
1 0.749609 0.277083 0.186719 0.131944
2 0.374609 0.343750 0.099219 0.087500
3 0.452734 0.277083 0.180469 0.087500
0 0.421484 0.577083 0.180469 0.243056
1 0.099609 0.665972 0.199219 0.220833
2 0.474609 0.432639 0.136719 0.109722
3 0.187109 0.365972 0.199219 0.109722
0 0.943359 0.671528 0.111719 0.187500
1 0.705859 0.732639 0.211719 0.198611
2 0.849609 0.699306 0.161719 0.198611
3 0.702734 0.515972 0.280469 0.165278
3 0.183984 0.843750 0.242969 0.265278
3 0.590234 0.865972 0.255469 0.265278