0 0.174609 0.243750 0.136719 0.065278
1 0.643359 0.249306 0.161719 0.120833
2 0.315234 0.304861 0.080469 0.076389
3 0.380859 0.249306 0.161719 0.076389
0 0.796484 0.515972 0.117969 0.120833
1 0.377734 0.465972 0.142969 0.176389
2 0.715234 0.527083 0.117969 0.143056
3 0.152734 0.327083 0.167969 0.098611
1 0.118359 0.538194 0.186719 0.165278
3 0.602734 0.421528 0.217969 0.131944
1 0.602734 0.549306 0.155469 0.120833
3 0.915234 0.510417 0.167969 0.176389
3 0.521484 0.654861 0.180469 0.198611
3 0.212109 0.638194 0.174219 0.165278